"Node
Enterprise","Photovoltaic power supplier D
D1","Photovoltaic power supplier D
D2","Photovoltaic power supplier D
D3","Photovoltaic power supplier D
D4","Photovoltaic power supplier D
D5","Battery energy storage business P
P1","Battery energy storage business P
P2","Battery energy storage business P
P3","Battery energy storage business P
P4","Battery energy storage business P
P5","Electric vehicle manufacturer M
M1","Electric vehicle manufacturer M
M2","Electric vehicle manufacturer M
M3","Electric vehicle manufacturer M
M4","Electric vehicle manufacturer M
M5"
D1,0,1.5,1.9,2.1,1.7,2.8,3.7,2.2,3.5,2.4,4.1,3.2,2.1,3.5,4.2
D2,1.5,0,1,1.6,0.9,1.3,2.6,3.8,2.2,1.9,2,3.8,2.9,2.7,3.4
D3,1.9,1,0,2,2.3,3,2.5,4,2.6,3.8,3.1,2.1,1.7,3.1,2.9
D4,2.1,1.6,2,0,1.8,2.4,3.6,2.2,2,3,4.5,2.3,3.3,2.2,2.8
D5,1.7,0.9,2.3,1.8,0,2.3,3.1,3.9,3,2.5,2.6,3.9,2.4,3.6,2
P1,2.8,1.3,3,2.4,2.3,0,1.8,1.2,1,1.7,3.5,2.2,3.4,2.1,2.8
P2,3.7,2.6,2.5,3.6,3.1,1.8,0,2.7,1.6,1.8,2.9,2.3,3.6,4,3.2
P3,2.2,3.8,4,2.2,3.9,1.2,2.7,0,1.5,1.3,2.6,3.1,1.8,2.3,2.7
P4,3.5,2.2,2.6,2,3,1,1.6,1.5,0,2.5,3.7,2.5,2.4,3.6,1.9
P5,2.4,1.9,3.8,3,2.5,1.7,1.8,1.3,2.5,0,2.1,3,3.3,2.9,3.4
M1,4.1,2,3.1,4.5,2.6,3.5,2.9,2.6,3.7,2.1,0,2.9,2.4,1.7,3.1
M2,3.2,3.8,2.1,2.3,3.9,2.2,2.3,3.1,2.5,3,2.9,0,2.8,1.9,2
M3,2.1,2.9,1.7,3.3,2.4,3.4,3.6,1.8,2.4,3.3,2.4,2.8,0,3.5,1.4
M4,3.5,2.7,3.1,2.2,3.6,2.1,4,2.3,3.6,2.9,1.7,1.9,3.5,0,2.3
M5,4.2,3.4,2.9,2.8,2,2.8,3.2,2.7,1.9,3.4,3.1,2,1.4,2.3,0
