"
","Income from Wages
flab-p","Income from Wages
flab-m","Income from Wages
flab-s","Income from Wages
flab-t","Capital Income
Capital Income","Transfers from Gov and RoW
Transfers from Gov and RoW","Total
Total"
hhd-0,15.4,9.4,1.7,0.1,4.3,69.1,100.0
hhd-1,14.3,9.5,4.8,0.9,7.7,62.9,100.0
hhd-2,9.6,11.2,8.3,1.7,11.8,57.4,100.0
hhd-3,9.0,11.9,12.2,1.6,15.6,49.6,100.0
hhd-4,7.5,13.6,14.8,3.9,19.8,40.4,100.0
hhd-5,6.9,14.0,19.8,8.3,22.5,28.6,100.0
hhd-6,4.3,9.7,26.9,13.1,29.5,16.4,100.0
hhd-7,2.5,9.4,22.5,24.2,32.0,9.4,100.0
hhd-8,1.0,4.4,18.2,40.1,32.7,3.7,100.0
hhd-91,1.0,3.0,13.1,42.5,38.2,2.2,100.0
hhd-92,0.3,2.8,14.0,39.9,41.0,2.0,100.0
hhd-93,1.9,1.0,11.1,50.2,34.4,1.5,100.0
hhd-94,0.5,0.9,7.7,53.3,36.2,1.4,100.0
hhd-95,0.1,0.1,5.9,51.4,41.4,1.0,100.0
